lastAccountName: Squashe
timestamps:
  login: 1518118088329
  logout: 1518118106630
ipAddress: 95.91.245.142
lastlocation:
  world: world
  x: -174.0
  y: 70.0
  z: 249.0
  yaw: 0.0
  pitch: 0.0
logoutlocation:
  world: Winter
  x: -608.7085118065773
  y: 108.0
  z: -136.71046558155336
  yaw: -24.57335
  pitch: 18.930958
