lastAccountName: Rxyp
timestamps:
  login: 1559158126531
  logout: 1559158624533
ipAddress: 95.91.216.57
lastlocation:
  world: world
  x: -174.0
  y: 70.0
  z: 249.0
  yaw: -3.019726
  pitch: 10.228098
logoutlocation:
  world: Winter
  x: -644.6800266582065
  y: 64.0
  z: -309.332613991438
  yaw: 54.22641
  pitch: 11.031812
