lastAccountName: elektrophil
timestamps:
  login: 1509534926938
  lastteleport: 1509491669339
  logout: 1509535408747
ipAddress: 81.5.196.226
lastlocation:
  world: world
  x: -122.33984172934638
  y: 108.61320495019814
  z: 368.9131238391383
  yaw: 82.764404
  pitch: 18.000063
godmode: true
logoutlocation:
  world: world
  x: -248.69999998807907
  y: 65.0
  z: 239.72348387425885
  yaw: -4.913086
  pitch: 26.999964
