lastAccountName: Kiewaii
timestamps:
  login: 1509285159507
  logout: 1509244084790
  lastteleport: 1509287228502
ipAddress: 91.119.163.227
logoutlocation:
  world: world
  x: -145.67576156963642
  y: 76.0
  z: 393.26314993937046
  yaw: -85.23584
  pitch: -25.241737
lastlocation:
  world: world
  x: -111.09514859673648
  y: 50.0
  z: 330.134557880594
  yaw: -203.7129
  pitch: 44.554832
