lastAccountName: Habl_
timestamps:
  login: 1518215446271
  logout: 1516898224631
ipAddress: 92.218.240.185
lastlocation:
  world: world
  x: -174.0
  y: 70.0
  z: 249.0
  yaw: 0.0
  pitch: 0.0
logoutlocation:
  world: Winter
  x: -502.2274015943301
  y: 48.0
  z: -99.69385090205286
  yaw: 55.96515
  pitch: 6.5260353
