lastAccountName: zKexs
timestamps:
  login: 1509219023714
  logout: 1509219237159
ipAddress: 46.125.250.22
logoutlocation:
  world: world
  x: -201.14606101529833
  y: 69.24918707874468
  z: 277.1317039220001
  yaw: -79.50775
  pitch: 80.04511
