lastAccountName: Sanmo093
timestamps:
  login: 1566088028990
  logout: 1566088154580
ipAddress: 89.166.190.87
lastlocation:
  world: world
  x: -174.0
  y: 70.0
  z: 249.0
  yaw: 0.0
  pitch: 0.0
logoutlocation:
  world: Spawn
  x: 1.2478643807074985
  y: 4.0
  z: -5.241682995890632
  yaw: 20.250078
  pitch: 22.949947
