lastAccountName: yRndy
timestamps:
  login: 1576529685197
  logout: 1576529753322
ipAddress: 87.149.212.32
lastlocation:
  world: world
  x: -174.0
  y: 70.0
  z: 249.0
  yaw: 0.0
  pitch: -0.90000004
logoutlocation:
  world: world
  x: -315.3734365053192
  y: 67.0
  z: 272.4929403341316
  yaw: -342.916
  pitch: 48.206066
