lastAccountName: EinhornLaura
timestamps:
  login: 1518613033586
  logout: 1518613578751
ipAddress: 77.21.254.156
lastlocation:
  world: world
  x: -174.0
  y: 70.0
  z: 249.0
  yaw: 0.0
  pitch: 0.0
logoutlocation:
  world: Winter
  x: -204.41675121107974
  y: 77.0
  z: 165.92512625995653
  yaw: 278.44556
  pitch: 38.700016
