lastAccountName: Petsche
timestamps:
  login: 1541095836476
  logout: 1541101724887
  lastteleport: 1541097610698
ipAddress: 193.83.185.130
lastlocation:
  world: Frￃhling
  x: 23.300000011920933
  y: 68.21752137272728
  z: -95.15258258516162
  yaw: 91.10361
  pitch: -1.4851443
logoutlocation:
  world: world
  x: -355.642894866836
  y: 95.73899470310448
  z: 267.8612862618413
  yaw: -98.555664
  pitch: 24.149794
homes:
  home:
    world: world
    x: -376.40076597051814
    y: 75.0
    z: 262.4999022640649
    yaw: 270.45093
    pitch: 34.05003
godmode: true
afk: false
