lastAccountName: Petsche
timestamps:
  login: 1604358164773
  logout: 1604361368349
  lastteleport: 1604193062996
ipAddress: 85.127.229.80
lastlocation:
  world: world
  x: -317.94999998807907
  y: 65.5
  z: 263.67929698624084
  yaw: -279.04773
  pitch: -22.050035
logoutlocation:
  world: world
  x: -181.51114365411948
  y: 70.0
  z: 249.7068082959105
  yaw: -203.0476
  pitch: 13.349831
homes:
  home:
    world: world
    x: -376.40076597051814
    y: 75.0
    z: 262.4999022640649
    yaw: 270.45093
    pitch: 34.05003
godmode: true
afk: false
