lastAccountName: CopperCookie
timestamps:
  login: 1562531650692
  logout: 1562533141444
  lastteleport: 1562532473564
ipAddress: 178.165.130.252
lastlocation:
  world: Winter
  x: 163.4901274522714
  y: 97.76484051832037
  z: 734.2415130156717
  yaw: -320.2257
  pitch: 46.387684
logoutlocation:
  world: Winter
  x: -807.10169740015
  y: 63.0
  z: -1128.7174729461249
  yaw: -37.46704
  pitch: 16.62913
