lastAccountName: FlossenMonster
timestamps:
  login: 1573309383644
  logout: 1573309452667
  lastteleport: 1567168523402
ipAddress: 178.165.129.31
lastlocation:
  world: PokemonMap
  x: -21.21369905101693
  y: 32.76500476979593
  z: -46.22124559186777
  yaw: -10.82727
  pitch: 50.798492
logoutlocation:
  world: PokemonMap
  x: -44.59483804228135
  y: 12.0
  z: -40.84943357908361
  yaw: -1.1000366
  pitch: 25.635063
afk: false
