lastAccountName: CopperCookie
timestamps:
  login: 1563998646992
  logout: 1564002893578
  lastteleport: 1563998738563
ipAddress: 178.115.129.120
lastlocation:
  world: PokemonMap
  x: 31.49905191734189
  y: 4.0
  z: 23.52788034363421
  yaw: -80.15527
  pitch: 11.144844
logoutlocation:
  world: PokemonMap
  x: 5.337088774748657
  y: 6.1996955149077655
  z: 20.497429020947802
  yaw: -191.79044
  pitch: 41.26736
