lastAccountName: CopperCookie
timestamps:
  login: 1564061045754
  logout: 1564078681430
  lastteleport: 1564076421145
ipAddress: 77.119.128.79
lastlocation:
  world: Spawn
  x: 1.5
  y: 4.0
  z: 0.5
  yaw: 0.0
  pitch: 0.0
logoutlocation:
  world: PokemonMap
  x: -23.05764984870974
  y: 45.820117285738746
  z: 6.119726612024852
  yaw: 179.72949
  pitch: 36.74402
afk: false
