lastAccountName: Technation
timestamps:
  login: 1533579875080
  logout: 1533579908736
ipAddress: 178.197.248.23
lastlocation:
  world: world
  x: -174.0
  y: 70.0
  z: 249.0
  yaw: 0.0
  pitch: 0.0
logoutlocation:
  world: Frￃhling
  x: -95.23750001192093
  y: 60.0
  z: -40.37348225746743
  yaw: 184.9265
  pitch: -6.218553E-5
