lastAccountName: VocalZero
timestamps:
  login: 1564002459142
  logout: 1564002558201
ipAddress: 87.166.209.130
lastlocation:
  world: world
  x: -174.0
  y: 70.0
  z: 249.0
  yaw: 0.8999999
  pitch: -0.9
logoutlocation:
  world: Spawn
  x: 0.15356328808752623
  y: 4.0
  z: -0.17726736336983823
  yaw: 314.55188
  pitch: 21.450075
