lastAccountName: The_Gamer_HD
timestamps:
  login: 1535286636277
  logout: 1535286745267
  lastteleport: 1520122880835
ipAddress: 94.16.70.2
lastlocation:
  world: Spawn
  x: 1.5
  y: 4.0
  z: 0.5
  yaw: 0.0
  pitch: 0.0
logoutlocation:
  world: Winter
  x: -805.4684165469799
  y: 64.0
  z: -1104.1379980135737
  yaw: -113.47377
  pitch: 16.649988
homes:
  home:
    world: Winter
    x: -813.3190796160327
    y: 67.0
    z: -1087.987074932888
    yaw: 163.32288
    pitch: 19.35001
  erze:
    world: Winter
    x: -760.5987070132654
    y: 10.0
    z: -1026.125022851806
    yaw: 328.01495
    pitch: 12.302089
afk: false
