lastAccountName: The_Gamer_HD
timestamps:
  login: 1520438316351
  logout: 1520438473574
  lastteleport: 1520122880835
ipAddress: 94.46.86.223
lastlocation:
  world: Spawn
  x: 1.5
  y: 4.0
  z: 0.5
  yaw: 0.0
  pitch: 0.0
logoutlocation:
  world: Winter
  x: -811.5919424248794
  y: 70.0
  z: -1084.8650082434951
  yaw: 121.575714
  pitch: 13.050861
homes:
  home:
    world: Winter
    x: -813.3190796160327
    y: 67.0
    z: -1087.987074932888
    yaw: 163.32288
    pitch: 19.35001
  erze:
    world: Winter
    x: -760.5987070132654
    y: 10.0
    z: -1026.125022851806
    yaw: 328.01495
    pitch: 12.302089
afk: false
