lastAccountName: TheInferneus
timestamps:
  login: 1555128707097
  logout: 1555128989647
ipAddress: 146.185.72.6
lastlocation:
  world: world
  x: -174.0
  y: 70.0
  z: 249.0
  yaw: 0.0
  pitch: 0.0
logoutlocation:
  world: Frￃhling
  x: 2.532293713792546
  y: 120.0
  z: -50.32466324017153
  yaw: -168.62413
  pitch: -27.067297
