lastlocation:
  world: world
  x: -174.0
  y: 70.0
  z: 249.0
  yaw: 0.0
  pitch: 0.0
lastAccountName: BlackHax_
timestamps:
  login: 1559158242727
  logout: 1559158721026
ipAddress: 213.47.146.158
logoutlocation:
  world: Winter
  x: -647.1139924045773
  y: 70.06004994270633
  z: -304.29839421723415
  yaw: 55.95074
  pitch: 32.850105
