lastlocation:
  world: world
  x: -174.0
  y: 70.0
  z: 249.0
  yaw: 0.0
  pitch: 0.0
lastAccountName: PumaHANSICHEN
timestamps:
  login: 1519830045956
  logout: 1519830039024
ipAddress: 95.91.255.79
logoutlocation:
  world: Spawn
  x: 1.1398251957207792
  y: 4.0
  z: -2.1402180314812433
  yaw: -315.9008
  pitch: 55.95005
