lastAccountName: Minecrafterpasg
timestamps:
  login: 1509480961527
  logout: 1509481042077
ipAddress: 212.197.170.245
logoutlocation:
  world: world
  x: -158.77830123020777
  y: 70.0
  z: 69.13672307214928
  yaw: 270.87802
  pitch: 45.590084
