lastAccountName: Minecrafterpasg
timestamps:
  login: 1535458861573
  logout: 1535458869944
ipAddress: 212.183.37.20
logoutlocation:
  world: world
  x: -158.77830123020777
  y: 70.0
  z: 69.13672307214928
  yaw: 270.87802
  pitch: 45.590084
