lastAccountName: ChristofelHD
timestamps:
  login: 1604192258409
  logout: 1604194699584
  lastteleport: 1527960005876
ipAddress: 80.121.52.121
lastlocation:
  world: world
  x: -227.43225386340208
  y: 87.57480578860859
  z: 310.487166174484
  yaw: -141.45407
  pitch: 6.767319
logoutlocation:
  world: world
  x: -351.7827781560742
  y: 190.75260378991808
  z: 186.20833137338857
  yaw: 106.67273
  pitch: 17.773647
godmode: true
afk: false
