lastAccountName: ChristofelHD
timestamps:
  login: 1514391114553
  logout: 1514391155017
ipAddress: 193.80.166.77
lastlocation:
  world: world
  x: -174.0
  y: 70.0
  z: 249.0
  yaw: 0.0
  pitch: 0.0
logoutlocation:
  world: Winter
  x: -615.3000000119209
  y: 107.0
  z: -151.95761371228053
  yaw: -242.88287
  pitch: 26.629904
