lastAccountName: ChristofelHD
timestamps:
  login: 1527959692375
  logout: 1527962742383
  lastteleport: 1527960005876
ipAddress: 194.166.93.52
lastlocation:
  world: world
  x: -209.32308747787118
  y: 71.0
  z: 252.37331360810606
  yaw: 84.738266
  pitch: 57.488163
logoutlocation:
  world: Frￃhling
  x: -130.06020445202205
  y: 109.0
  z: 87.69999998807903
  yaw: 330.25964
  pitch: -24.457407
