lastAccountName: Posssi
timestamps:
  login: 1519387067294
  logout: 1519387092635
ipAddress: 212.152.179.113
lastlocation:
  world: world
  x: -174.0
  y: 70.0
  z: 249.0
  yaw: 0.0
  pitch: 0.0
logoutlocation:
  world: Spawn
  x: 5.217323460859778
  y: 4.0
  z: 0.5107148424162682
  yaw: -284.55005
  pitch: 8.099997
