lastAccountName: K1llf0rce
timestamps:
  login: 1509562217654
  logout: 1509562234257
ipAddress: 178.165.131.222
lastlocation:
  world: world
  x: -174.00826637009325
  y: 70.0
  z: 249.71601418328436
  yaw: 125.09835
  pitch: 31.349741
logoutlocation:
  world: world
  x: -195.1381472125088
  y: 75.0
  z: 440.3101071441642
  yaw: 4.199614
  pitch: 8.700077
