lastAccountName: K1llf0rce
timestamps:
  login: 1531429025203
  logout: 1531429735709
  lastteleport: 1531427921187
ipAddress: 77.119.129.140
lastlocation:
  world: Frￃhling
  x: -2.2633735112440467
  y: 68.0
  z: 3.381907358045412
  yaw: -36.133877
  pitch: 15.033953
logoutlocation:
  world: Frￃhling
  x: -11.699999988079071
  y: 65.0
  z: 4.300000011920928
  yaw: 323.1593
  pitch: -8.607751
