lastAccountName: Yuuux
timestamps:
  login: 1509393825398
  logout: 1509394350559
ipAddress: 91.6.176.20
lastlocation:
  world: world
  x: -49.77383808057942
  y: 80.92159999847412
  z: 411.31588530657723
  yaw: 312.5293
  pitch: 22.27293
logoutlocation:
  world: world
  x: -92.5
  y: 92.0
  z: 374.5
  yaw: -25.881226
  pitch: -1.2177519
