lastAccountName: EvilAntiSmiley
timestamps:
  login: 1541103776148
  logout: 1541103795808
  lastteleport: 1541099286940
ipAddress: 178.165.130.58
lastlocation:
  world: Winter
  x: -615.5627687431809
  y: 107.01999998092649
  z: -151.64031922534582
  yaw: -268.64896
  pitch: 16.34993
logoutlocation:
  world: Spawn
  x: 1.5
  y: 4.0
  z: 0.5
  yaw: 0.0
  pitch: 0.0
nickname: EvilAntiSmiley
homes:
  home:
    world: Winter
    x: -659.3662781517376
    y: 63.0
    z: -312.52752038058986
    yaw: -272.99875
    pitch: 76.64998
afk: false
godmode: false
