lastAccountName: EvilAntiSmiley
timestamps:
  login: 1572544850359
  logout: 1572563203259
  lastteleport: 1541099286940
ipAddress: 178.113.229.17
lastlocation:
  world: Spawn
  x: 1.2674467379062946
  y: 6.5453903836180185
  z: 0.3935355380044646
  yaw: -296.9997
  pitch: -72.15002
logoutlocation:
  world: world
  x: -195.5
  y: 70.0
  z: 246.5
  yaw: -102.468346
  pitch: 33.35603
nickname: EvilAntiSmiley
homes:
  home:
    world: Winter
    x: -659.3662781517376
    y: 63.0
    z: -312.52752038058986
    yaw: -272.99875
    pitch: 76.64998
afk: false
godmode: false
