lastAccountName: EvilAntiSmiley
timestamps:
  login: 1604358328445
  logout: 1604360618267
  lastteleport: 1541099286940
ipAddress: 77.116.94.213
lastlocation:
  world: world
  x: -135.43507876085843
  y: 97.86516636571069
  z: 334.0565321551955
  yaw: 180.29834
  pitch: 43.500927
logoutlocation:
  world: world
  x: -124.18046269970102
  y: 156.80856686355784
  z: 259.8808346027123
  yaw: 3.402588
  pitch: 4.483554
nickname: EvilAntiSmiley
homes:
  home:
    world: Winter
    x: -659.3662781517376
    y: 63.0
    z: -312.52752038058986
    yaw: -272.99875
    pitch: 76.64998
afk: false
godmode: false
