lastAccountName: supi129
timestamps:
  login: 1513958211366
  logout: 1513958225696
ipAddress: 91.115.3.230
lastlocation:
  world: world
  x: -174.0
  y: 70.0
  z: 249.0
  yaw: 0.0
  pitch: 0.0
logoutlocation:
  world: Winter
  x: -709.1397315552667
  y: 73.0
  z: -302.93345846845796
  yaw: 136.49666
  pitch: 17.550087
