lastAccountName: SparkyplayzTV
timestamps:
  login: 1509725910769
  lastteleport: 1509726216431
  logout: 1509726314447
ipAddress: 46.125.249.44
lastlocation:
  world: world
  x: -85.69999998807913
  y: 86.0
  z: 366.7075992893883
  yaw: -244.34497
  pitch: 43.499973
logoutlocation:
  world: world
  x: -338.61927162871257
  y: 61.0
  z: 252.55763029202348
  yaw: -112.90393
  pitch: 65.945145
homes:
  home:
    world: world
    x: -289.8735309086161
    y: 64.0
    z: 244.42017172291818
    yaw: 246.51997
    pitch: 30.90001
