lastAccountName: Der_Luk
timestamps:
  login: 1533063519270
  logout: 1533065661308
ipAddress: 178.196.151.90
lastlocation:
  world: world
  x: -174.0
  y: 70.0
  z: 249.0
  yaw: 0.0
  pitch: 0.0
logoutlocation:
  world: Frￃhling
  x: -73.73479074255634
  y: 66.0
  z: -83.67477792968413
  yaw: -221.95752
  pitch: 19.800161
