lastAccountName: NoahDaniel_17
timestamps:
  login: 1532448040960
  logout: 1532452419429
ipAddress: 84.20.62.10
lastlocation:
  world: world
  x: -174.0
  y: 70.0
  z: 249.0
  yaw: 0.0
  pitch: 0.0
logoutlocation:
  world: Frￃhling
  x: -90.24651196884726
  y: 12.0
  z: -102.11137707913562
  yaw: -73.977844
  pitch: 24.449757
