lastAccountName: Paetz
timestamps:
  login: 1520937378829
  logout: 1520937423838
  lastteleport: 1520937390584
ipAddress: 212.152.179.113
lastlocation:
  world: world
  x: -43.36530673050172
  y: 83.0
  z: 296.69999998807907
  yaw: 14.091454
  pitch: -6.0443573
logoutlocation:
  world: Winter
  x: -616.6785200463783
  y: 107.0
  z: -150.66885379294885
  yaw: -245.99907
  pitch: 35.249916
godmode: false
