lastlocation:
  world: world
  x: -174.0
  y: 70.0
  z: 249.0
  yaw: 0.0
  pitch: 0.0
lastAccountName: ChickPack
timestamps:
  login: 1519557315999
  logout: 1519557350275
ipAddress: 213.55.176.215
logoutlocation:
  world: Spawn
  x: 2.677702804228287
  y: 4.0
  z: -1.9065030836627903
  yaw: -283.55255
  pitch: 31.933748
