lastlocation:
  world: world
  x: -174.0
  y: 70.0
  z: 249.0
  yaw: 0.0
  pitch: 0.0
lastAccountName: ChickPack
timestamps:
  login: 1554824256601
  logout: 1554824276385
ipAddress: 213.55.176.141
logoutlocation:
  world: Frￃhling
  x: -30.41796627521468
  y: 70.0
  z: 3.9737745309515224
  yaw: -250.35654
  pitch: 23.503239
