lastAccountName: hennick01
timestamps:
  login: 1566087993934
  lastteleport: 1566088073185
  logout: 1566088091588
ipAddress: 89.166.190.87
lastlocation:
  world: Winter
  x: -615.743710291315
  y: 107.0
  z: -151.98104894338047
  yaw: -280.04886
  pitch: 20.099922
logoutlocation:
  world: Fruhling
  x: 1.0951250565858635
  y: 68.0
  z: 3.922060670712196
  yaw: -24.997498
  pitch: 3.4647374
