lastAccountName: Flottschi
timestamps:
  login: 1562621188803
  logout: 1562621194120
ipAddress: 213.157.157.19
lastlocation:
  world: Frￃhling
  x: -8.5
  y: 70.0
  z: 5.5
  yaw: 38.854088
  pitch: 25.25802
logoutlocation:
  world: Fruhling
  x: -56.69485899049323
  y: 26.0
  z: -48.032039756073
  yaw: 358.9791
  pitch: 48.03182
