lastAccountName: Flottschi
timestamps:
  login: 1557615572075
  logout: 1557615595559
ipAddress: 213.157.155.197
lastlocation:
  world: Frￃhling
  x: -8.5
  y: 70.0
  z: 5.5
  yaw: 38.854088
  pitch: 25.25802
logoutlocation:
  world: Frￃhling
  x: -56.651055312831886
  y: 27.0
  z: -49.69999998807907
  yaw: 186.43024
  pitch: -31.847494
