lastAccountName: Faye_Lynn
timestamps:
  login: 1541102340328
  logout: 1541102397810
ipAddress: 212.203.51.100
lastlocation:
  world: world
  x: -174.0
  y: 70.0
  z: 249.0
  yaw: 0.0
  pitch: 0.0
logoutlocation:
  world: Frￃhling
  x: 94.69999998807907
  y: 70.0
  z: -93.6471891853154
  yaw: -271.5821
  pitch: 4.2000403
