lastAccountName: Xx_St4l1n_Xx_LP
timestamps:
  login: 1542912406810
  logout: 1542912510016
ipAddress: 84.20.62.10
lastlocation:
  world: world
  x: -174.0
  y: 70.0
  z: 249.0
  yaw: 0.0
  pitch: 0.0
logoutlocation:
  world: Frￃhling
  x: 52.670640272812896
  y: 72.0
  z: -119.88498433765744
  yaw: 11.301819
  pitch: 16.882292
