lastlocation:
  world: world
  x: -174.0
  y: 70.0
  z: 249.0
  yaw: 0.0
  pitch: 0.0
lastAccountName: Fenske
timestamps:
  login: 1564002592548
  logout: 1564002623277
ipAddress: 84.175.29.52
logoutlocation:
  world: Spawn
  x: 0.7272333157965795
  y: 4.0
  z: -1.3298965938922114
  yaw: -302.25232
  pitch: 31.200054
