spawns: 
  default: 
    world: Spawn
    x: 1.5
    y: 4.0
    z: 0.5
    yaw: 0.0
    pitch: 0.0
  winter: 
    world: Winter
    x: -607.7193513481088
    y: 109.0
    z: -152.25981215263428
    yaw: -93.148895
    pitch: 28.050043
