spawns: 
  default: 
    world: world
    x: -173.5806611269073
    y: 70.0
    z: 249.5664691704134
    yaw: 271.93246
    pitch: 27.206001
  winter: 
    world: Winter
    x: -607.7193513481088
    y: 109.0
    z: -152.25981215263428
    yaw: -93.148895
    pitch: 28.050043
